65.58
64.73
64.5
65.56
66.25
66.14
65.51
65.61
64.47
63.49
63.37
63.95
63.97
63.73
64.73
64.28
64.3
63.8
63.57
62.96
61.73
61.44
62.01
61.63
60.37
60.24
60.42
59.84
59.64
59.97
58.59
58.47
58.36
58.09
57.46
57.16
57.3
57.04
56.6
57.14
57.99
57.36
56.69
55.96
57.62
57.47
58.36
57.4
57.3
57.99
58.11
58.95
58.38
58.02
56.83
56.09
56.55
55.14
55.33
55.7
56.76
56.74
57.17
56.81
57.2
57.35
55.64
54.54
54.3
54.38
54.15
53.9
52.64
52.18
52.47
51.9
51.47
51.29
52.04
51.88
51.87
51.45
50.6
51.3
50.92
49.58
49.29
50.79
49.98
50.42
50.58
51.67
51.56
52.14
51.88
52.22
50.66
50.55
50.41
49.48
49.91
49.89
49.89
49.3
48.23
48.07
47.48
49.09
49.16
48.66
47.41
47.32
47.29
47.23
45.96
46.44
46.57
47.87
47.43
48.41
47.64
47.37
48.51
47.09
46.78
47.55
47.59
48.82
48.59
49.56
49.17
49.39
49.58
49.03
49.59
49.16
50.17
49.71
49.04
48.75
47.89
46.34
45.77
46.79
47.12
46.4
46.02
46.54
46.08
45.49
45.04
44.4
44.23
45.52
45.13
47.13
47.07
46.04
44.93
44.74
44.24
43.38
43.01
42.74
42.53
43.23
44.2
44.74
44.46
44.73
46.46
46.08
45.83
45.64
45.72
48.19
47.4
47.66
48.36
48.32
49.66
49.97
49.94
49.8
48.9
51.36
51.47
50.73
50.33
49.35
49.07
48.66
48.85
47.84
47.83
47.33
45.88
46.43
46.22
45.52
47.82
47.66
48.84
49.33
48.97
49.62
49.56
49.23
49.62
50.27
50.44
52.41
52.65
53.18
53.11
53.4
53.08
52.24
51.7
51.15
51.03
50.24
50.6
50.35
49.51
48.37
47.73
47.97
47.7
48.04
47.34
48.22
48.78
48.75
48.86
47.72
48.4
48.49
49.28
50.28
53.14
53.2
53.33
52.61
53.83
54.01
54.05
53.99
54.45
53.59
54.06
53.97
53.79
53.4
53.36
53.11
53.2
52.93
53.86
53
52.34
52.17
53.01
53.83
53.54
53.88
